,Punt_Factor
1,11.6680981595
2,16.3702068333
3,12.0003324468
4,16.7969640744
5,15.1415892614
6,13.2577943423
7,15.2344884749
8,12.9054548959
9,13.2723497574
10,11.8601953092
11,14.4677230547
12,14.7898369286
13,13.5545258258
14,15.2610289689
15,17.5999777084
16,11.1364541833
17,12.9791433371
18,13.0774205542
19,14.2275495458
20,14.9175152749
21,15.0062545737
22,12.5056244185
23,14.6094515007
24,11.1923447125
25,16.135408113
26,16.4786263571
27,15.8163309982
28,15.2803788729
29,13.4474917457
30,14.2297472722
31,16.2713615265
32,9.94371118012
33,11.4660087719
