,Punt_Ingles
1,45.9214723926
2,50.4880574804
3,48.4674202128
4,51.2002796601
5,47.5065700045
6,52.8597516435
7,50.7810756762
8,47.4261115395
9,50.2988055244
10,46.5651556891
11,48.6987059424
12,43.2627118644
13,48.3846110706
14,52.0713081185
15,56.0743213119
16,47.7011952191
17,45.1287793953
18,50.3060425798
19,45.314317211
20,45.951048951
21,50.661269667
22,50.0505117639
23,51.7496629532
24,48.1750513347
25,52.2939727377
26,52.5335745879
27,58.8143607706
28,53.2731077932
29,48.1202470977
30,49.5038780071
31,50.1701577602
32,44.4378881988
33,45.6688596491
