,Punt_Lectura
1,46.4969325153
2,52.9980008117
3,51.618018617
4,52.2186726901
5,50.0122791119
6,54.6139185869
7,52.9766340385
8,50.4166024158
9,52.2349757372
10,49.3574826809
11,50.9252511493
12,45.4848484848
13,50.7128596265
14,53.8434413394
15,56.1807183912
16,48.1394422311
17,49.3281075028
18,52.8017376331
19,47.7372694743
20,48.5625933469
21,53.2979326747
22,52.1505383491
23,54.1842758816
24,50.284137577
25,53.9791427164
26,53.7250703659
27,51.5814360771
28,55.3946664365
29,50.7629140484
30,51.7640331274
31,52.7406798085
32,44.347826087
33,48.3815789474
