,Punt_Matematicas
1,42.1018404908
2,49.3358035083
3,50.4837101064
4,49.6172241942
5,46.8414589941
6,54.9536489807
7,50.302178718
8,48.3934721151
9,51.6104889884
10,47.0312160921
11,48.6190192406
12,41.6327683616
13,48.346587404
14,52.3275716695
15,54.615524575
16,47.5737051793
17,47.3281075028
18,51.4643080776
19,45.0900082576
20,45.0224711473
21,51.6600804976
22,51.4141300013
23,53.5626906975
24,48.9743326489
25,51.2762358351
26,51.1753116204
27,46.8003502627
28,54.492577889
29,48.4874853552
30,49.3736032602
31,49.4624988983
32,41.1770186335
33,46.3311403509
