,Punt_Naturales
1,43.5975460123
2,48.5143475581
3,49.5904255319
4,49.2539887419
5,46.7010421386
6,53.1403811674
7,50.1079886328
8,47.4659470573
9,50.2051138485
10,47.1246139721
11,48.5158351779
12,41.2907036466
13,48.9819976446
14,51.1305709468
15,53.6126688436
16,47.203187251
17,45.5979843225
18,50.8262366938
19,45.0205064685
20,44.8572980312
21,50.2079216978
22,50.8716602419
23,52.2362165614
24,48.5361909651
25,50.3156511742
26,50.5704664254
27,46.7215411559
28,53.3150081988
29,48.9744381723
30,48.9594452478
31,49.1053791239
32,42.4472049689
33,45.7828947368
