,Punt_Global
1,218.871165644
2,249.295218483
3,248.485704787
4,248.75587107
5,235.780833711
6,267.380237732
7,252.736659299
8,240.400925212
9,252.489921613
10,235.552374593
11,242.947812021
12,210.955315871
13,242.898098817
14,259.118917128
15,271.93620995
16,235.203187251
17,232.226203807
18,254.633609894
19,226.307321773
20,227.461710794
21,254.883186974
22,253.045261199
23,262.099765841
24,242.237422998
25,256.771062572
26,256.746180137
27,243.30647986
28,267.757141624
29,242.849291724
30,247.08755094
31,249.068715297
32,212.372670807
33,230.320175439
