,Punt_Sociales
1,42.1852760736
2,48.3788236355
3,47.513962766
4,47.4328995016
5,44.9550521069
6,51.398034398
7,48.7249763183
8,46.2616294012
9,48.0098917507
10,45.109172857
11,46.2630682786
12,39.9989727786
13,46.3427738209
14,49.9102625873
15,52.577689147
16,45.0199203187
17,43.9697648376
18,48.8197401378
19,43.183044316
20,43.3742023082
21,48.8437614343
22,48.1868935265
23,49.9220180231
24,46.0780287474
25,49.5275086221
26,49.5311620426
27,46.1383537653
28,51.095538103
29,46.2025774843
30,47.5444327593
31,47.8286671171
32,41.248447205
33,43.9013157895
